Epoch	Sell	Buy	Hold	AverageEpProfit	StdEpProfit	MaxEpProfit	MinEpProfit	AverageEpRet	StdEpRet	MaxEpRet	MinEpRet	AverageTestEpRet	StdTestEpRet	MaxTestEpRet	MinTestEpRet	EpLen	TestEpProfit	TestEpLen	TotalEnvInteracts	AverageQVals	StdQVals	MaxQVals	MinQVals	LossPi	LossQ	Time
1	16.0	317.0	0.0	95.44444	5348.2666	12703.0	-7223.0	-74.801544	541.8921	1210.369	-807.999	-422.49103	3.0517578e-05	-422.491	-422.491	111.0	-2431.0	111.0	999	-1499.3684	1396.5072	855.9383	-6349.2065	1494.5099	3089123.2	3.440506935119629
2	17.0	316.0	0.0	4893.0	6009.667	16348.0	-3888.0	418.67612	613.0568	1593.818	-467.921	-422.49103	3.0517578e-05	-422.491	-422.491	111.0	-2431.0	111.0	1999	-1008.9869	626.05316	452.92584	-4250.441	1008.2322	459291.97	9.613982915878296
3	16.0	317.0	0.0	-1327.5555	4479.962	6110.0	-10236.0	-208.2479	440.0779	537.751	-1047.646	-663.41003	6.1035156e-05	-663.41	-663.41	103.55556	-4811.0	111.0	2999	-826.4491	511.9122	701.2012	-2595.9226	825.91327	45548.33	14.317917823791504
4	1.0	332.0	0.0	1496.1111	3497.5515	6866.0	-5949.0	73.93278	358.13644	623.536	-683.968	-653.18005	6.1035156e-05	-653.18	-653.18	111.0	-4700.0	111.0	3999	-731.0461	451.68436	830.37225	-2544.6553	730.47424	29288.688	21.431468963623047
5	1.0	332.0	0.0	2325.4443	3622.8167	7129.0	-2908.0	155.76642	370.3267	646.166	-387.875	-653.18005	6.1035156e-05	-653.18	-653.18	111.0	-4700.0	111.0	4999	-634.79	417.16678	869.85114	-2376.584	634.2475	19996.408	26.668572902679443
6	2.0	331.0	0.0	-1631.4445	3010.7915	3359.0	-6677.0	-252.38756	314.3724	261.793	-782.384	-653.18005	6.1035156e-05	-653.18	-653.18	111.0	-4700.0	111.0	5999	-587.8212	382.6717	866.65857	-2195.6838	587.2749	15649.325	32.47636294364929
7	1.0	332.0	0.0	313.8889	4905.707	9490.0	-6757.0	-54.68299	506.52313	878.029	-780.988	-653.18005	6.1035156e-05	-653.18	-653.18	111.0	-4700.0	111.0	6999	-553.8036	354.27658	895.62305	-1925.628	553.2625	12318.012	41.43649482727051
8	1.0	332.0	0.0	1804.0	7513.385	17972.0	-6738.0	103.09799	761.66785	1753.137	-761.772	-653.18005	6.1035156e-05	-653.18	-653.18	111.0	-4700.0	111.0	7999	-505.8138	329.15607	904.9306	-1635.851	505.26526	10230.094	51.51743698120117
9	1.0	332.0	0.0	373.0	2123.7603	4589.0	-3050.0	-44.147995	218.25648	393.126	-397.734	-653.18005	6.1035156e-05	-653.18	-653.18	111.0	-4700.0	111.0	8999	-451.7481	311.01468	1301.9219	-1454.1936	451.1866	8501.472	58.645771980285645
10	1.0	332.0	0.0	-1699.4445	4551.893	8759.0	-9232.0	-254.09564	463.235	809.636	-1023.775	-653.18005	6.1035156e-05	-653.18	-653.18	111.0	-4700.0	111.0	9999	-411.0793	283.35165	1219.1249	-1333.5684	410.5102	7143.454	67.04054713249207
11	1.0	332.0	0.0	-4374.3335	2908.8955	-168.0	-9653.0	-582.4281	297.08966	-165.485	-1141.505	-632.2199	6.1035156e-05	-632.22	-632.22	111.0	-4501.0	111.0	10999	-387.01627	267.30096	1116.2367	-1193.7983	386.443	5871.562	74.45441699028015
12	1.0	332.0	0.0	-2266.6667	1226.2008	-800.0	-5195.0	-372.61023	120.62956	-241.371	-666.111	-630.47107	6.1035156e-05	-630.471	-630.471	111.0	-4495.0	111.0	11999	-358.2566	249.86232	1073.845	-1132.4355	357.70483	4950.155	81.708979845047
13	1.0	332.0	0.0	-3751.2222	2396.0369	-192.0	-7322.0	-522.07935	252.87917	-148.136	-903.01	-630.47107	6.1035156e-05	-630.471	-630.471	111.0	-4495.0	111.0	12999	-331.67416	234.46207	1070.7979	-985.1515	331.1776	4269.758	87.95546197891235
14	1.0	331.0	1.0	-4736.8887	3761.0986	863.0	-10309.0	-621.7461	383.69144	-43.707	-1187.955	-328.998	0.0	-328.998	-328.998	110.44444	-1517.0	111.0	13999	-316.45523	220.16745	1056.4924	-991.3899	315.9948	3561.658	94.40332174301147
15	1.0	332.0	0.0	-3863.111	3365.097	1182.0	-9552.0	-535.913	345.6929	-19.994	-1113.651	-374.539	0.0	-374.539	-374.539	111.0	-1957.0	111.0	14999	-298.03683	212.39299	1056.0096	-946.31085	297.62686	3234.1404	100.69917702674866
16	0.0	333.0	0.0	-3077.6667	3483.0254	4136.0	-7268.0	-452.72363	349.7143	268.628	-890.199	-295.78	0.0	-295.78	-295.78	111.0	-1126.0	111.0	15999	-282.95285	201.42638	1049.6423	-856.30426	282.586	2836.7742	106.98605990409851
17	1.0	332.0	0.0	-3461.889	2505.2349	1001.0	-7003.0	-494.8533	255.33937	-31.504	-866.435	-374.539	0.0	-374.539	-374.539	111.0	-1957.0	111.0	16999	-266.7632	195.41266	1076.8109	-811.4268	266.44733	2582.7495	113.89178586006165
18	0.0	333.0	0.0	-3468.6667	3117.246	1283.0	-8060.0	-505.396	315.01065	-24.66	-962.693	-295.78	0.0	-295.78	-295.78	111.0	-1126.0	111.0	17999	-252.88531	189.46143	1078.2198	-774.28345	252.62796	2460.6233	119.67314887046814
19	0.0	333.0	0.0	-3424.2	2785.3982	24.0	-10197.0	-483.20068	261.95053	-129.635	-1090.854	-295.78	0.0	-295.78	-295.78	107.2	-1126.0	111.0	18999	-242.61932	183.44672	1058.7681	-746.7789	242.40732	2234.917	125.4720630645752
20	0.0	333.0	0.0	-2497.4443	3158.691	698.0	-8116.0	-402.6891	322.55682	-77.681	-973.06	-295.78	0.0	-295.78	-295.78	111.0	-1126.0	111.0	19999	-233.19798	179.81206	1093.0405	-705.2868	233.01866	2115.104	131.218514919281
21	1.0	332.0	0.0	-2954.6667	1993.3632	-307.0	-6943.0	-450.31445	202.3659	-185.799	-864.725	-374.539	0.0	-374.539	-374.539	111.0	-1957.0	111.0	20999	-225.35712	175.3165	1050.0663	-696.4947	225.21979	1965.4227	137.06576204299927
22	0.0	333.0	0.0	-3649.7778	2184.093	300.0	-6997.0	-518.7314	225.30313	-111.697	-852.659	-295.78	0.0	-295.78	-295.78	111.0	-1126.0	111.0	21999	-219.02155	170.84601	1081.0406	-661.0354	218.92879	1864.0077	143.02781295776367
23	0.0	333.0	0.0	-2017.1111	2922.5881	2952.0	-7393.0	-347.34534	296.00873	152.811	-885.315	-295.78	0.0	-295.78	-295.78	111.0	-1126.0	111.0	22999	-212.78816	167.0035	1096.5498	-647.84753	212.71901	1707.2784	148.6335711479187
24	0.0	333.0	0.0	-3858.4443	3145.021	374.0	-8655.0	-537.90857	323.41888	-102.239	-1023.904	-295.78	0.0	-295.78	-295.78	111.0	-1126.0	111.0	23999	-208.50906	163.1528	1089.6604	-637.14044	208.4656	1680.517	154.4988570213318
25	0.0	333.0	0.0	-3146.2222	2947.7476	3278.0	-6438.0	-471.694	299.91946	188.135	-802.97	-295.78	0.0	-295.78	-295.78	111.0	-1126.0	111.0	24999	-204.68912	159.84486	1134.107	-626.4629	204.68172	1636.5188	160.1719207763672
26	0.0	333.0	0.0	-2011.6666	3283.9607	3468.0	-9164.0	-351.37732	337.69278	208.633	-1086.696	-295.78	0.0	-295.78	-295.78	111.0	-1126.0	111.0	25999	-203.2122	159.0082	1134.154	-637.68115	203.22368	1623.1367	166.04791975021362
27	227.0	106.0	0.0	-1675.1	6689.4385	14384.0	-10168.0	-287.23553	657.6889	1347.719	-1044.533	261.593	0.0	261.593	261.593	97.7	3558.0	111.0	26999	-197.6645	156.72523	1139.9099	-619.9263	196.85101	1579.7777	171.69142198562622
28	244.0	89.0	0.0	4179.4	6125.411	10297.0	-10089.0	315.28632	597.7274	927.84	-1038.21	270.27496	3.0517578e-05	270.275	270.275	104.4	3870.0	111.0	27999	-187.36116	158.37102	1163.8219	-600.021	186.18048	1544.8405	177.09092617034912
29	252.0	81.0	0.0	4092.111	5888.7705	12178.0	-10567.0	303.58768	560.2114	1077.504	-1083.744	717.837	0.0	717.837	717.837	103.55556	8372.0	111.0	28999	-173.49638	164.81628	1122.4884	-593.47107	172.27838	1640.4817	183.04554390907288
30	228.0	105.0	0.0	5906.8	6721.0825	13853.0	-10339.0	489.24765	657.5186	1306.21	-1061.84	601.40607	6.1035156e-05	601.406	601.406	104.3	7822.0	111.0	29999	-162.67229	168.10912	1186.5005	-618.29535	161.40677	1672.0151	188.51546597480774
31	229.0	104.0	0.0	6718.1113	3414.2761	12458.0	1216.0	557.2799	342.7892	1151.257	11.958	601.516	0.0	601.516	601.516	111.0	7822.0	111.0	30999	-149.85733	173.65671	1120.0752	-575.23865	148.54964	1785.4498	194.48251700401306
32	228.0	105.0	0.0	1219.5454	10139.661	22290.0	-10484.0	47.302525	991.3447	2174.504	-1074.06	601.40607	6.1035156e-05	601.406	601.406	86.63636	7822.0	111.0	31999	-138.12726	181.73515	1207.3386	-577.0869	136.74782	1923.1813	201.02288007736206
33	265.0	68.0	0.0	1420.75	9520.125	14605.0	-10445.0	57.30834	918.3533	1354.842	-1072.66	814.541	0.0	814.541	814.541	88.75	9275.0	111.0	32999	-124.05949	193.27869	1457.2294	-575.4216	122.638824	2015.3115	207.6762089729309
34	259.0	74.0	0.0	-331.58334	8634.01	9602.0	-10650.0	-109.647484	823.7326	873.697	-1086.47	191.24698	1.5258789e-05	191.247	191.247	82.833336	3204.0	111.0	33999	-115.04346	197.2488	1484.057	-557.7746	113.57316	2081.2732	214.21044898033142
35	230.0	103.0	0.0	-45.0	5741.136	8309.0	-10179.0	-109.267006	543.28046	711.751	-1043.102	638.916	0.0	638.916	638.916	97.4	8196.0	111.0	34999	-107.18085	201.3507	1563.5449	-566.5473	105.66685	2183.1602	219.9768681526184
36	229.0	104.0	0.0	106.90909	8144.0312	9125.0	-10828.0	-79.85909	768.0474	797.83	-1103.033	601.516	0.0	601.516	601.516	86.63636	7822.0	111.0	35999	-97.75236	206.61844	1500.7744	-550.142	96.20998	2202.089	226.19989705085754
37	230.0	103.0	0.0	4484.9	6661.6875	18444.0	-10124.0	338.3397	652.0145	1752.272	-1038.53	638.916	0.0	638.916	638.916	104.2	8196.0	111.0	36999	-86.71261	209.24315	1589.411	-545.9679	85.138855	2316.1675	232.55057573318481
38	230.0	103.0	0.0	1133.7273	7754.032	10993.0	-10207.0	20.628824	742.80273	1007.476	-1050.124	638.916	0.0	638.916	638.916	92.818184	8196.0	111.0	37999	-77.00464	214.25766	1616.0126	-532.26807	75.41794	2445.564	238.50631284713745
39	259.0	74.0	0.0	5840.0	9333.054	23860.0	-10729.0	484.28528	931.5056	2298.205	-1101.24	772.8641	6.1035156e-05	772.864	772.864	103.55556	8898.0	111.0	38999	-67.393745	221.47614	1703.9042	-544.82245	65.78181	2444.9517	245.05779886245728
40	229.0	104.0	0.0	6735.3335	5047.727	17526.0	-322.0	561.9472	515.66376	1672.323	-162.553	601.516	0.0	601.516	601.516	111.0	7822.0	111.0	39999	-55.67722	228.83311	1791.7985	-544.2665	54.030685	2464.561	253.26056694984436
41	229.0	104.0	0.0	-1276.8462	7634.3926	10062.0	-10841.0	-204.43109	724.41064	903.99	-1107.258	601.516	0.0	601.516	601.516	84.38461	7822.0	111.0	40999	-47.70234	234.0775	1815.4407	-538.3484	46.037113	2619.7622	259.71621203422546
42	228.0	105.0	0.0	2421.0	6961.385	9702.0	-10304.0	144.2843	664.90564	852.466	-1056.63	601.40607	6.1035156e-05	601.406	601.406	97.6	7822.0	111.0	41999	-40.35109	235.75072	1879.7767	-536.3385	38.653744	2665.4614	266.3772599697113
43	228.0	105.0	0.0	2668.3635	9542.502	18330.0	-10675.0	174.47827	927.43396	1728.361	-1095.88	601.40607	6.1035156e-05	601.406	601.406	92.818184	7822.0	111.0	42999	-30.901218	238.35281	1873.3481	-529.9862	29.195019	2703.2534	272.9090139865875
44	229.0	104.0	0.0	5609.6665	2438.3042	8898.0	391.0	438.23187	255.44626	790.968	-100.776	601.516	0.0	601.516	601.516	111.0	7822.0	111.0	43999	-25.251104	239.7064	1945.9879	-532.64026	23.520346	2775.7014	280.19336700439453
45	230.0	103.0	0.0	5613.0	6381.537	13988.0	-10063.0	462.04675	621.9784	1315.374	-1033.665	638.916	0.0	638.916	638.916	103.55556	8196.0	111.0	44999	-18.328465	241.3528	1921.8134	-545.4433	16.583233	2768.2043	286.8295018672943
46	230.0	103.0	0.0	5750.5557	1955.8641	8989.0	2753.0	456.5461	205.07816	809.724	137.35	638.916	0.0	638.916	638.916	111.0	8196.0	111.0	45999	-10.408703	245.81395	1990.0587	-536.92346	8.669108	2883.0315	293.1719238758087
47	228.0	105.0	0.0	6850.4	6447.354	13436.0	-10241.0	584.5565	631.33905	1289.654	-1052.272	601.40607	6.1035156e-05	601.406	601.406	104.3	7822.0	111.0	46999	-2.8419878	244.28885	1965.5016	-544.12555	1.0797786	2814.1028	299.0232539176941
48	228.0	105.0	0.0	-3507.9167	7240.676	8082.0	-10766.0	-426.79422	683.15936	696.35	-1102.994	601.40607	6.1035156e-05	601.406	601.406	77.583336	7822.0	111.0	47999	5.0123305	248.48721	1958.1625	-544.8564	-6.7807646	3000.7324	305.61410999298096
49	265.0	68.0	0.0	1586.5	8590.494	12843.0	-10402.0	74.873924	822.12933	1191.793	-1068.57	449.69904	3.0517578e-05	449.699	449.699	88.833336	5681.0	111.0	48999	10.42701	248.76683	1898.2161	-554.96844	-12.218467	2869.923	312.1630139350891
50	228.0	105.0	0.0	-2616.6155	8555.974	11519.0	-10532.0	-333.33026	812.20215	1064.301	-1080.874	601.40607	6.1035156e-05	601.406	601.406	75.07692	7822.0	111.0	49999	14.758878	249.91554	1943.907	-534.1705	-16.573372	2944.778	318.1431119441986
51	240.0	93.0	0.0	7196.3335	5323.245	17463.0	-571.0	599.71967	545.4066	1660.141	-184.306	266.125	0.0	266.125	266.125	111.0	4350.0	111.0	50999	20.377264	251.43152	1845.9095	-536.4833	-22.20312	3018.959	324.8239800930023
52	228.0	105.0	0.0	-1020.9231	8970.461	12399.0	-10575.0	-175.98862	855.28125	1127.052	-1085.648	967.496	0.0	967.496	967.496	79.53846	11483.0	111.0	51999	28.301125	255.39459	1961.0558	-551.14496	-30.126966	3057.6448	331.97479701042175
53	229.0	104.0	0.0	1289.3	6932.8926	10480.0	-10724.0	17.778492	663.56195	947.357	-1100.78	967.6061	6.1035156e-05	967.606	967.606	97.6	11483.0	111.0	52999	32.66828	255.38754	1952.7606	-551.2111	-34.497906	3017.8486	338.2682218551636
54	225.0	108.0	0.0	-744.53845	10016.805	19740.0	-10840.0	-151.67285	967.6076	1883.638	-1111.8	606.61804	6.1035156e-05	606.618	606.618	80.07692	7894.0	111.0	53999	37.334286	258.26047	1914.8508	-543.0396	-39.15579	3108.913	345.4059979915619
55	228.0	105.0	0.0	1830.9	8412.479	13811.0	-10232.0	87.66588	801.0369	1274.9	-1052.131	967.496	0.0	967.496	967.496	90.9	11483.0	111.0	54999	40.78764	260.63333	1843.7715	-551.80743	-42.61305	3204.2683	352.3247969150543
56	228.0	105.0	0.0	1489.0	8632.104	11183.0	-10494.0	53.837765	816.1553	998.863	-1072.09	601.40607	6.1035156e-05	601.406	601.406	88.333336	7822.0	111.0	55999	43.21275	261.6415	1943.5305	-557.2675	-45.03722	3216.71	358.9933907985687
57	228.0	105.0	0.0	1854.6364	9510.514	9508.0	-10944.0	93.50564	902.3421	854.148	-1121.474	967.496	0.0	967.496	967.496	86.27273	11483.0	111.0	56999	46.562435	263.96838	1968.6722	-549.4964	-48.386204	3265.557	366.2233409881592
58	226.0	107.0	0.0	-1125.3334	8580.9795	14238.0	-10822.0	-199.73425	813.6896	1280.703	-1110.57	531.2999	6.1035156e-05	531.3	531.3	83.083336	7140.0	111.0	57999	48.62268	264.20306	1849.0446	-563.7071	-50.43694	3348.9067	374.4607448577881
59	226.0	107.0	0.0	2950.3635	7683.092	12466.0	-10429.0	178.60854	737.0829	1110.185	-1070.96	531.2999	6.1035156e-05	531.3	531.3	98.72727	7140.0	111.0	58999	52.438065	264.40237	1965.4846	-581.7378	-54.248188	3435.9475	382.0689888000488
60	223.0	110.0	0.0	1872.6	6836.939	9341.0	-10264.0	77.829605	650.71436	815.79	-1056.0	424.05	0.0	424.05	424.05	97.7	6072.0	111.0	59999	54.38617	263.59213	1976.7686	-574.1266	-56.176323	3318.9705	388.4962339401245
61	229.0	104.0	0.0	-357.5	9030.069	13525.0	-10779.0	-122.56675	860.89124	1243.077	-1106.04	967.6061	6.1035156e-05	967.606	967.606	83.166664	11483.0	111.0	60999	59.245693	264.65256	1978.5024	-579.2279	-61.0135	3516.3608	395.0761659145355
62	223.0	110.0	0.0	2008.6	6796.2324	11892.0	-10210.0	86.76619	645.4699	1079.353	-1049.01	424.05	0.0	424.05	424.05	97.6	6072.0	111.0	61999	63.02292	266.11465	1952.2828	-595.29083	-64.77639	3563.42	401.9096210002899
63	223.0	110.0	0.0	930.2727	8733.985	13060.0	-10703.0	4.440729	835.2518	1255.538	-1098.5	424.05	0.0	424.05	424.05	86.72727	6072.0	111.0	62999	64.102165	268.3104	1862.11	-584.4409	-65.855385	3561.4734	408.3443830013275
64	223.0	110.0	0.0	1870.1818	8068.1807	10027.0	-10852.0	72.07218	753.9382	861.685	-1113.57	424.05	0.0	424.05	424.05	92.72727	6072.0	111.0	63999	67.36671	271.33813	1888.2075	-577.4069	-69.11833	3602.457	415.1201810836792
65	223.0	110.0	0.0	4079.8	7294.73	9349.0	-10398.0	293.2436	685.77655	809.495	-1062.32	424.05	0.0	424.05	424.05	97.2	6072.0	111.0	64999	70.06956	273.00552	1881.9974	-583.53503	-71.801025	3568.9866	422.25693583488464
66	223.0	110.0	0.0	1341.7273	7510.8735	8773.0	-10654.0	14.526623	694.5661	700.766	-1093.77	424.05	0.0	424.05	424.05	92.72727	6072.0	111.0	65999	73.41667	276.13626	1989.932	-600.94226	-75.12072	3737.917	429.6729989051819
67	223.0	110.0	0.0	432.0	7951.89	9871.0	-10774.0	-65.105835	739.5363	836.875	-1105.712	424.05	0.0	424.05	424.05	88.666664	6072.0	111.0	66999	70.25081	273.83292	1886.9891	-602.8698	-71.9478	3692.8325	437.3313479423523
68	223.0	110.0	0.0	143.83333	9227.386	13810.0	-10852.0	-86.174416	863.6479	1234.513	-1113.57	424.05	0.0	424.05	424.05	83.083336	6072.0	111.0	67999	70.62148	273.232	1957.636	-621.0127	-72.307144	3752.6316	444.61453795433044
69	223.0	110.0	0.0	4263.222	5715.648	8292.0	-10099.0	293.88077	540.0965	689.472	-1039.22	424.05	0.0	424.05	424.05	103.666664	6072.0	111.0	68999	72.48327	274.70935	1882.2942	-626.09534	-74.1694	3852.73	451.85284996032715
70	223.0	110.0	0.0	3498.3635	6940.0957	10534.0	-10552.0	223.33083	653.2582	925.565	-1083.57	424.05	0.0	424.05	424.05	98.818184	6072.0	111.0	69999	72.06798	274.3105	2031.7412	-620.8121	-73.74419	3795.947	459.6971468925476
71	222.0	111.0	0.0	1136.9	7899.8745	12041.0	-10358.0	1.8394989	739.6507	1085.996	-1063.85	404.24	0.0	404.24	404.24	90.9	5874.0	111.0	70999	74.538826	274.0103	2007.518	-620.16016	-76.2048	3816.3115	467.73522686958313
72	222.0	111.0	0.0	4102.8	5397.9004	10873.0	-10586.0	264.825	504.77496	951.84	-1086.56	404.24	0.0	404.24	404.24	104.3	5874.0	111.0	71999	73.7063	271.52087	1848.4	-619.1321	-75.33997	3862.3389	475.3787739276886
73	222.0	111.0	0.0	5005.9	5375.4917	11663.0	-10065.0	351.38794	498.22787	998.475	-1034.71	404.24	0.0	404.24	404.24	104.3	5874.0	111.0	72999	77.21365	269.67206	1980.9686	-609.82556	-78.84172	3800.2297	483.80928111076355
74	222.0	111.0	0.0	6625.3335	1104.8632	9050.0	5733.0	505.44977	118.28807	775.832	412.968	404.24	0.0	404.24	404.24	111.0	5874.0	111.0	73999	77.84926	269.6761	1968.0402	-616.7056	-79.466034	3868.287	491.5550079345703
75	222.0	111.0	0.0	6467.8887	779.11066	7788.0	5552.0	486.36832	86.23394	665.87	396.968	404.24	0.0	404.24	404.24	111.0	5874.0	111.0	74999	80.23728	270.5828	1860.864	-598.8161	-81.85095	3809.9358	500.75193977355957
76	222.0	111.0	0.0	3362.6667	5101.9272	6558.0	-10658.0	183.15189	464.7282	486.726	-1092.915	404.24	0.0	404.24	404.24	103.55556	5874.0	111.0	75999	80.39784	270.752	1987.8785	-611.02637	-81.99554	3842.6873	509.8547329902649
77	222.0	111.0	0.0	5845.0	958.53094	7408.0	3509.0	416.10953	100.07046	581.374	173.35	404.24	0.0	404.24	404.24	111.0	5874.0	111.0	76999	83.23631	271.65848	1879.2769	-586.40826	-84.82823	3838.337	517.9692480564117
78	222.0	111.0	0.0	5543.4443	1505.4258	7514.0	2299.0	396.94412	150.79846	620.044	79.602	404.24	0.0	404.24	404.24	111.0	5874.0	111.0	77999	82.566696	269.73532	1952.6979	-581.10815	-84.145836	3842.5745	526.034590959549
79	240.0	93.0	0.0	7476.5557	1915.5386	11732.0	5874.0	587.44867	200.22554	1037.216	406.127	183.37	0.0	183.37	183.37	111.0	3326.0	111.0	78999	82.88555	267.8519	1972.1509	-571.8762	-84.44707	3864.804	536.5788280963898
80	222.0	111.0	0.0	6091.6665	2383.3774	9548.0	1936.0	460.71588	244.23833	824.639	49.097	404.24	0.0	404.24	404.24	111.0	5874.0	111.0	79999	84.44511	263.4541	1970.2666	-563.10706	-86.004486	3685.4404	545.5216870307922
81	222.0	111.0	0.0	4673.4	4981.98	7203.0	-10200.0	319.6744	459.54398	598.354	-1047.66	404.24	0.0	404.24	404.24	104.3	5874.0	111.0	80999	87.71311	263.2712	1842.1461	-553.3809	-89.25661	3745.6829	554.1298880577087
82	222.0	111.0	0.0	6146.0	275.0709	6592.0	5874.0	441.31955	34.244648	495.278	404.24	404.24	0.0	404.24	404.24	111.0	5874.0	111.0	81999	88.49079	260.96295	1822.1066	-553.64276	-90.04496	3679.6355	563.7716090679169
83	222.0	111.0	0.0	6401.1113	466.97858	7126.0	5898.0	465.1439	52.9252	551.336	410.106	404.24	0.0	404.24	404.24	111.0	5874.0	111.0	82999	89.07029	260.3702	1920.718	-560.0181	-90.61782	3715.8584	575.0804369449615
84	222.0	111.0	0.0	4663.3	5001.2026	7491.0	-10255.0	307.67758	457.69928	590.553	-1053.5	404.24	0.0	404.24	404.24	104.3	5874.0	111.0	83999	90.82446	260.70108	1956.5348	-565.577	-92.3551	3700.6436	585.7567508220673
85	222.0	111.0	0.0	4582.222	5198.1626	7376.0	-10047.0	306.0071	477.76242	606.738	-1033.82	404.24	0.0	404.24	404.24	103.666664	5874.0	111.0	84999	91.67775	258.5155	1838.1154	-575.1456	-93.207886	3691.8342	595.0629599094391
86	222.0	111.0	0.0	5937.8887	165.06595	6403.0	5874.0	419.35098	19.774242	473.096	404.633	404.24	0.0	404.24	404.24	111.0	5874.0	111.0	85999	93.4702	257.2244	1926.0864	-566.2253	-94.99445	3605.5933	605.4039070606232
87	225.0	108.0	0.0	4201.5557	2543.092	6267.0	-1482.0	263.6652	253.34781	496.766	-304.766	799.995	0.0	799.995	799.995	111.0	9671.0	111.0	86999	94.94232	255.25822	2014.373	-566.19	-96.46101	3581.1099	614.1932699680328
88	222.0	111.0	0.0	6665.4443	2836.2227	11235.0	2861.0	506.76547	297.33636	991.339	135.16	404.24	0.0	404.24	404.24	111.0	5874.0	111.0	87999	95.66402	253.59511	1928.0939	-582.9389	-97.18956	3617.468	623.1213278770447
89	239.0	94.0	0.0	6061.4443	1527.5598	9130.0	3152.0	445.02377	151.28217	774.835	179.449	579.03204	6.1035156e-05	579.032	579.032	111.0	7214.0	111.0	88999	99.8374	255.10487	1852.5034	-564.9787	-101.35011	3587.199	632.8469030857086
90	222.0	111.0	0.0	7957.778	2984.5796	16210.0	5874.0	637.9032	308.25775	1485.594	404.24	404.24	0.0	404.24	404.24	111.0	5874.0	111.0	89999	101.64389	252.52798	1852.186	-538.393	-103.17626	3522.5874	641.1180379390717
91	238.0	95.0	0.0	6277.5557	652.3479	7483.0	5314.0	460.84332	66.71173	609.527	396.653	693.224	0.0	693.224	693.224	111.0	8369.0	111.0	90999	103.69155	252.80135	1923.7396	-569.0454	-105.20991	3527.929	650.4958200454712
92	226.0	107.0	0.0	5173.6	5492.5693	9517.0	-10523.0	383.8064	516.631	809.415	-1080.48	388.43204	3.0517578e-05	388.432	388.432	104.3	5580.0	111.0	91999	105.3461	250.12709	1785.505	-572.4357	-106.86725	3472.4395	661.2145118713379
93	239.0	94.0	0.0	8005.4443	6907.926	15693.0	-10241.0	675.1832	658.7154	1432.917	-1052.19	579.03204	6.1035156e-05	579.032	579.032	103.55556	7214.0	111.0	92999	106.84223	248.62952	1833.1388	-530.6706	-108.372284	3510.7637	672.1590850353241
94	226.0	107.0	0.0	5918.8	6857.896	16344.0	-10763.0	457.5224	664.85724	1509.338	-1104.48	388.43204	3.0517578e-05	388.432	388.432	104.3	5580.0	111.0	93999	111.40536	247.30933	1734.558	-533.97046	-112.94141	3435.928	680.7715859413147
95	239.0	94.0	0.0	9408.111	2399.1309	12729.0	3635.0	793.7077	242.93208	1133.263	214.184	393.969	0.0	393.969	393.969	111.0	5423.0	111.0	94999	113.19791	250.49611	1806.6735	-576.53424	-114.737236	3409.3652	689.3971710205078
96	225.0	108.0	0.0	7939.1113	2160.8062	11792.0	5973.0	633.8186	236.22299	1049.242	423.745	799.995	0.0	799.995	799.995	111.0	9671.0	111.0	95999	115.37804	248.18423	1865.453	-554.11206	-116.89892	3435.2676	697.9657311439514
97	239.0	94.0	0.0	6275.222	2775.8394	11453.0	1576.0	478.74344	280.55527	1003.727	1.965	678.3859	6.1035156e-05	678.386	678.386	111.0	8245.0	111.0	96999	117.45259	251.71687	1894.6964	-582.9591	-118.98156	3509.3447	706.1482570171356
98	239.0	94.0	0.0	7466.5557	1473.6979	9921.0	5023.0	606.2315	146.98442	847.922	362.791	393.969	0.0	393.969	393.969	111.0	5423.0	111.0	97999	116.29258	251.20949	1849.7906	-552.1928	-117.82286	3492.5078	714.1783559322357
99	239.0	94.0	0.0	6099.4443	560.87134	7334.0	5394.0	446.24167	55.490803	569.656	398.92	393.969	0.0	393.969	393.969	111.0	5423.0	111.0	98999	119.14597	249.67894	1878.0156	-590.1246	-120.68178	3443.422	723.671392917633
100	239.0	94.0	0.0	5236.6665	1429.8593	7745.0	2902.0	379.2351	145.1669	632.512	140.311	393.969	0.0	393.969	393.969	111.0	5423.0	111.0	99999	121.39027	248.62093	1787.6835	-594.58887	-122.94438	3342.0564	733.3943889141083
101	239.0	94.0	0.0	5993.5557	1809.6548	9948.0	2302.0	430.0968	179.08331	832.444	80.421	579.03204	6.1035156e-05	579.032	579.032	111.0	7214.0	111.0	100999	123.21315	249.79431	1877.7104	-540.60626	-124.74681	3374.445	742.551549911499
102	239.0	94.0	0.0	6180.778	3512.0527	11453.0	227.0	475.44846	352.3898	1003.98	-125.166	393.969	0.0	393.969	393.969	111.0	5423.0	111.0	101999	123.28971	249.78946	1900.4556	-564.49274	-124.81294	3448.1985	750.8245680332184
103	239.0	94.0	0.0	7635.222	2667.0134	13347.0	4592.0	611.5088	271.85773	1190.971	312.369	393.969	0.0	393.969	393.969	111.0	5423.0	111.0	102999	125.99547	251.4053	1803.763	-610.7375	-127.527	3436.8313	759.6170299053192
104	222.0	111.0	0.0	6398.6665	721.1554	8143.0	5874.0	460.24597	74.02537	643.447	404.24	404.24	0.0	404.24	404.24	111.0	5874.0	111.0	103999	127.70639	251.6846	1902.9896	-585.6424	-129.24704	3413.8215	768.6535458564758
105	222.0	111.0	0.0	6028.5557	227.01059	6607.0	5874.0	421.32434	24.789312	483.269	404.24	404.24	0.0	404.24	404.24	111.0	5874.0	111.0	104999	129.08102	249.10757	1846.1832	-586.12415	-130.62386	3329.6326	777.5324521064758
106	222.0	111.0	0.0	6114.0	224.94444	6564.0	5874.0	431.00067	21.981337	473.24	404.24	404.24	0.0	404.24	404.24	111.0	5874.0	111.0	105999	131.89983	246.64151	1916.1089	-595.68536	-133.43867	3422.1235	786.9553709030151
107	222.0	111.0	0.0	6941.778	1821.3522	11181.0	5874.0	520.3051	199.70938	995.51	404.24	404.24	0.0	404.24	404.24	111.0	5874.0	111.0	106999	133.46997	246.8504	1850.798	-570.79114	-135.00409	3359.361	795.675360918045
108	239.0	94.0	0.0	5819.0	308.1594	6202.0	5048.0	408.39578	21.46677	437.05	360.15	393.969	0.0	393.969	393.969	111.0	5423.0	111.0	107999	135.3454	247.34456	1841.4406	-572.63	-136.87703	3312.281	804.8641469478607
109	238.0	95.0	0.0	5628.3335	3477.4875	10727.0	844.0	420.00635	349.7947	928.598	-60.166	693.224	0.0	693.224	693.224	111.0	8369.0	111.0	108999	136.83316	248.03406	1831.6781	-540.5275	-138.3772	3418.1982	813.4823439121246
110	239.0	94.0	0.0	7213.8887	1825.9979	10508.0	4249.0	579.15454	186.3786	920.899	280.665	579.03204	6.1035156e-05	579.032	579.032	111.0	7214.0	111.0	109999	136.6929	244.28264	1772.6346	-599.6964	-138.23102	3269.953	823.0471279621124
111	239.0	94.0	0.0	8131.5557	3605.9978	15127.0	3955.0	671.5739	363.9176	1374.248	248.898	393.969	0.0	393.969	393.969	111.0	5423.0	111.0	110999	140.29648	243.63586	1840.8578	-570.4429	-141.83385	3264.463	831.1787090301514
112	239.0	94.0	0.0	7208.1113	3184.9636	13936.0	3720.0	577.56213	319.97592	1253.666	227.287	393.969	0.0	393.969	393.969	111.0	5423.0	111.0	111999	141.7655	244.11203	1855.0336	-594.83453	-143.32983	3413.068	839.5505800247192
113	239.0	94.0	0.0	5860.222	2407.9082	9222.0	1772.0	443.89447	243.28267	783.524	27.968	393.969	0.0	393.969	393.969	111.0	5423.0	111.0	112999	146.6277	244.60124	1822.7202	-562.4349	-148.17833	3251.999	848.3754479885101
114	225.0	108.0	0.0	8655.223	2545.3958	13617.0	5064.0	719.1618	259.73273	1227.574	357.673	799.995	0.0	799.995	799.995	111.0	9671.0	111.0	113999	148.26901	243.18204	1859.2769	-577.1054	-149.82806	3142.925	858.5590310096741
115	239.0	94.0	0.0	9991.667	1411.9946	13061.0	7948.0	852.3685	146.5632	1171.301	653.751	393.969	0.0	393.969	393.969	111.0	5423.0	111.0	114999	151.76846	243.1824	1734.8234	-554.09485	-153.31508	3231.7893	868.6074481010437
116	239.0	94.0	0.0	5270.5557	2930.4338	9714.0	1849.0	380.07877	299.45602	829.204	26.722	393.969	0.0	393.969	393.969	111.0	5423.0	111.0	115999	153.97044	244.178	1689.9752	-585.99286	-155.51227	3261.6116	879.021821975708
117	226.0	107.0	0.0	7633.8887	2519.495	11213.0	4301.0	615.4854	257.08072	982.303	283.486	388.43204	3.0517578e-05	388.432	388.432	111.0	5580.0	111.0	116999	155.09451	242.73213	1918.76	-579.9531	-156.63371	3215.8452	888.5284359455109
118	226.0	107.0	0.0	7771.3335	1409.4431	9751.0	5463.0	611.7018	142.38986	809.105	380.588	388.43204	3.0517578e-05	388.432	388.432	111.0	5580.0	111.0	117999	158.19202	240.28482	1739.8687	-550.58795	-159.72237	3144.7053	897.1233959197998
119	239.0	94.0	0.0	6618.0	2386.1968	9777.0	3244.0	512.99744	243.19759	845.803	178.359	393.969	0.0	393.969	393.969	111.0	5423.0	111.0	118999	158.39668	239.99817	1786.8588	-585.99835	-159.93161	3289.4365	907.5522890090942
120	238.0	95.0	0.0	8964.556	3085.5369	12605.0	4097.0	748.6384	317.9019	1127.812	260.314	693.224	0.0	693.224	693.224	111.0	8369.0	111.0	119999	160.02898	237.53989	1697.5249	-558.4251	-161.60274	3066.7004	916.6791570186615
121	226.0	107.0	0.0	5906.5	5776.948	10890.0	-10230.0	452.54742	546.3625	948.15	-1052.44	388.43204	3.0517578e-05	388.432	388.432	104.4	5580.0	111.0	120999	164.35246	236.76279	1599.0386	-579.9129	-165.8798	3134.7205	925.3707001209259
122	239.0	94.0	0.0	7752.1113	3218.5051	14836.0	3793.0	623.5652	326.2969	1345.676	225.237	393.969	0.0	393.969	393.969	111.0	5423.0	111.0	121999	164.20149	236.48108	1674.4562	-593.38306	-165.72714	3214.8435	934.1262488365173
123	226.0	107.0	0.0	6829.3335	2919.4656	10952.0	1581.0	531.5328	291.42975	951.296	6.34	388.43204	3.0517578e-05	388.432	388.432	111.0	5580.0	111.0	122999	167.91614	236.99919	1774.1727	-564.1092	-169.44504	3110.4526	943.0261628627777
124	239.0	94.0	0.0	7658.778	1866.616	10400.0	4816.0	617.4857	189.80888	897.527	335.512	393.969	0.0	393.969	393.969	111.0	5423.0	111.0	123999	167.86758	236.45267	1853.053	-533.39624	-169.40887	3116.6033	951.9274189472198
125	239.0	94.0	0.0	9329.889	3100.4915	13994.0	3286.0	789.48157	314.06952	1264.267	179.302	393.969	0.0	393.969	393.969	111.0	5423.0	111.0	124999	168.57744	234.82202	1719.4264	-582.23145	-170.11433	3051.0366	961.0774960517883
126	238.0	95.0	0.0	7816.6665	2420.6907	12412.0	4141.0	637.49286	244.68213	1102.67	266.987	693.224	0.0	693.224	693.224	111.0	8369.0	111.0	125999	172.26067	233.65161	1726.1848	-582.8536	-173.79062	2987.866	970.113009929657
127	222.0	111.0	0.0	7446.8887	1930.8751	11282.0	4691.0	587.5686	204.4366	987.351	324.792	404.24	0.0	404.24	404.24	111.0	5874.0	111.0	126999	172.01952	232.81175	1695.6085	-564.99396	-173.57	3065.299	979.0280771255493
128	239.0	94.0	0.0	7199.778	2118.2039	11560.0	4433.0	570.02344	217.71968	1015.86	297.02	393.969	0.0	393.969	393.969	111.0	5423.0	111.0	127999	176.09045	230.88358	1676.7035	-569.4974	-177.62447	3011.743	987.9192688465118
129	226.0	107.0	0.0	8177.3335	2053.045	11428.0	5580.0	658.18896	210.16129	1003.922	388.432	388.43204	3.0517578e-05	388.432	388.432	111.0	5580.0	111.0	128999	177.6256	230.95706	1704.3593	-550.9734	-179.15364	3002.854	996.9652941226959
130	226.0	107.0	0.0	7381.8887	3628.6892	13686.0	2799.0	587.84607	369.27188	1230.94	125.469	388.43204	3.0517578e-05	388.432	388.432	111.0	5580.0	111.0	129999	180.62592	231.89337	1733.7102	-567.0552	-182.14351	3057.5535	1005.6663827896118
131	238.0	95.0	0.0	8121.3335	2712.1094	13412.0	3541.0	662.06323	274.05405	1201.032	200.977	693.224	0.0	693.224	693.224	111.0	8369.0	111.0	130999	178.1869	231.12761	1702.5822	-565.15735	-179.719	2915.4116	1014.894248008728
132	238.0	95.0	0.0	8306.777	1939.0806	11540.0	5652.0	678.66876	204.12767	1010.528	395.632	693.224	0.0	693.224	693.224	111.0	8369.0	111.0	131999	183.02846	230.32556	1670.7864	-520.62415	-184.54848	2888.1133	1025.3268029689789
133	238.0	95.0	0.0	7675.5557	1980.372	10062.0	4614.0	622.84644	199.89296	861.704	315.037	693.224	0.0	693.224	693.224	111.0	8369.0	111.0	132999	184.25427	231.36697	1769.6854	-498.6249	-185.7819	3000.0295	1037.173772096634
134	239.0	94.0	0.0	4692.778	1902.9658	8396.0	1875.0	321.11957	191.18687	692.446	37.509	393.969	0.0	393.969	393.969	111.0	5423.0	111.0	133999	185.00491	231.57414	1760.2418	-569.0047	-186.50719	3009.897	1052.0114660263062
135	222.0	111.0	0.0	7950.6665	2517.016	13031.0	5233.0	643.593	261.21545	1163.126	376.834	404.24	0.0	404.24	404.24	111.0	5874.0	111.0	134999	184.65268	234.17212	1785.1846	-581.07086	-186.16055	3063.2683	1065.469908952713
136	225.0	108.0	0.0	7544.5557	1485.7527	9977.0	5874.0	579.9934	155.58652	830.808	404.24	799.995	0.0	799.995	799.995	111.0	9671.0	111.0	135999	185.24194	232.85855	1764.2837	-607.95557	-186.76236	3000.6409	1076.8833029270172
137	239.0	94.0	0.0	7285.3335	1472.2914	9671.0	4990.0	567.98676	147.65741	799.995	352.376	393.969	0.0	393.969	393.969	111.0	5423.0	111.0	136999	187.16293	232.78246	1699.2181	-603.9602	-188.65656	3088.9824	1089.828762769699
138	238.0	95.0	0.0	9449.667	3897.9744	14938.0	1246.0	801.83844	393.4	1354.256	-26.441	693.224	0.0	693.224	693.224	111.0	8369.0	111.0	137999	187.56918	233.81006	1713.465	-614.9102	-189.04903	3016.0984	1102.850732088089
139	222.0	111.0	0.0	7973.8887	3137.345	13071.0	2772.0	643.7958	323.74973	1166.271	122.863	404.24	0.0	404.24	404.24	111.0	5874.0	111.0	138999	191.32542	233.17671	1770.7605	-593.223	-192.81548	2876.548	1114.8103108406067
140	225.0	108.0	0.0	6867.1113	1342.447	9725.0	5874.0	508.71735	141.03333	805.356	404.24	799.995	0.0	799.995	799.995	111.0	9671.0	111.0	139999	191.2783	233.19946	1712.7372	-583.2832	-192.75822	3035.7444	1126.4134290218353
141	238.0	95.0	0.0	8908.889	3003.2349	13244.0	3309.0	741.4612	305.9016	1185.714	182.98	693.224	0.0	693.224	693.224	111.0	8369.0	111.0	140999	192.9104	232.68474	1643.9835	-617.4641	-194.39774	2919.4365	1142.8535590171814
142	239.0	94.0	0.0	7212.8887	3366.3787	12883.0	1877.0	575.457	340.84332	1147.3	32.079	393.969	0.0	393.969	393.969	111.0	5423.0	111.0	141999	194.2165	231.06857	1690.1587	-566.27	-195.70264	2979.269	1154.179592847824
143	239.0	94.0	0.0	8848.0	2663.4116	14368.0	4805.0	742.2903	269.0855	1299.997	334.179	393.969	0.0	393.969	393.969	111.0	5423.0	111.0	142999	194.47174	230.319	1719.4314	-565.9195	-195.95268	2861.529	1165.732421875
144	225.0	108.0	0.0	6796.3335	1512.4518	9695.0	4862.0	508.76794	156.6253	802.419	340.012	799.995	0.0	799.995	799.995	111.0	9671.0	111.0	143999	197.0587	230.0529	1720.776	-627.0001	-198.54967	2942.936	1177.5494530200958
145	238.0	95.0	0.0	6679.222	1406.6149	9733.0	5271.0	506.71988	143.42955	806.195	377.361	693.224	0.0	693.224	693.224	111.0	8369.0	111.0	144999	199.69112	231.07805	1764.508	-620.34937	-201.15291	2865.7852	1193.1010398864746
146	238.0	95.0	0.0	7063.4443	2797.9683	10854.0	1363.0	560.49304	282.49042	943.828	-15.239	693.224	0.0	693.224	693.224	111.0	8369.0	111.0	145999	200.0734	231.2654	1754.4164	-583.67035	-201.53677	2888.655	1208.621295928955
147	239.0	94.0	0.0	9218.333	3487.7153	14912.0	4614.0	778.8825	351.73853	1353.235	314.018	393.969	0.0	393.969	393.969	111.0	5423.0	111.0	146999	202.14136	230.98308	1733.112	-607.9906	-203.60864	2942.792	1220.4681549072266
148	225.0	108.0	0.0	7318.4443	3124.44	13458.0	2699.0	583.599	314.2328	1205.872	120.548	799.995	0.0	799.995	799.995	111.0	9671.0	111.0	147999	203.23167	232.6399	1800.2444	-618.31323	-204.70125	2914.8096	1233.029228925705
149	238.0	95.0	0.0	7328.6665	1235.834	9581.0	5752.0	579.25793	124.99645	791.935	405.632	693.224	0.0	693.224	693.224	111.0	8369.0	111.0	148999	202.49808	230.99213	1786.0403	-642.1713	-203.95296	2880.0454	1244.2815737724304
150	226.0	107.0	0.0	6325.1113	2826.1694	10520.0	1958.0	483.8151	285.35736	908.779	45.601	388.43204	3.0517578e-05	388.432	388.432	111.0	5580.0	111.0	149999	201.40056	231.49983	1660.9813	-631.99646	-202.85875	2952.4565	1254.8229398727417
151	226.0	107.0	0.0	7506.5557	1804.3016	9612.0	5580.0	582.74066	181.94972	795.035	388.432	388.43204	3.0517578e-05	388.432	388.432	111.0	5580.0	111.0	150999	203.19691	231.38081	1771.4819	-606.4916	-204.66927	2947.4456	1265.353422164917
152	226.0	107.0	0.0	6877.5557	1396.3463	9445.0	5738.0	519.518	140.7035	778.199	404.262	388.43204	3.0517578e-05	388.432	388.432	111.0	5580.0	111.0	151999	205.43518	231.29863	1648.1243	-603.4788	-206.88716	2940.5688	1277.928424835205
153	238.0	95.0	0.0	8062.1113	3677.1167	14556.0	2592.0	661.0092	370.4094	1315.476	110.018	693.224	0.0	693.224	693.224	111.0	8369.0	111.0	152999	206.6246	232.13849	1703.1965	-654.28424	-208.07956	2896.4673	1289.6060190200806
154	238.0	95.0	0.0	5668.3335	2747.757	12105.0	2109.0	418.10178	277.86307	1069.445	59.456	693.224	0.0	693.224	693.224	111.0	8369.0	111.0	153999	206.75972	230.77263	1742.9882	-600.8551	-208.22179	2868.8342	1301.5835819244385
155	238.0	95.0	0.0	7071.6665	2392.4805	10993.0	3471.0	559.1085	240.22816	958.064	198.147	693.224	0.0	693.224	693.224	111.0	8369.0	111.0	154999	210.52786	228.09174	1746.2656	-622.7468	-211.9875	2783.3342	1316.051605939865
156	238.0	95.0	0.0	7984.1113	2794.1353	11527.0	3001.0	652.0774	282.97177	1010.349	146.113	901.881	0.0	901.881	901.881	111.0	10470.0	111.0	155999	209.20773	226.35571	1597.9353	-582.8542	-210.66437	2881.8657	1326.1235678195953
157	238.0	95.0	0.0	6299.8887	2092.4875	9720.0	3378.0	481.44644	212.32599	830.226	183.663	693.224	0.0	693.224	693.224	111.0	8369.0	111.0	156999	209.55421	224.39012	1629.8971	-618.1169	-211.00688	2836.4524	1337.3170540332794
158	239.0	94.0	0.0	7203.778	3115.7007	11775.0	2898.0	574.3728	313.29163	1035.837	141.808	393.969	0.0	393.969	393.969	111.0	5423.0	111.0	157999	212.71822	224.35449	1650.6227	-594.365	-214.179	2715.211	1349.2049129009247
159	226.0	107.0	0.0	8921.223	2112.4417	11415.0	3761.0	745.597	211.28235	997.966	230.99	388.43204	3.0517578e-05	388.432	388.432	111.0	5580.0	111.0	158999	212.48557	223.43536	1670.78	-575.3149	-213.90096	2816.637	1360.4316790103912
160	238.0	95.0	0.0	6229.778	1234.543	9668.0	5580.0	454.05945	124.48201	800.639	388.432	693.224	0.0	693.224	693.224	111.0	8369.0	111.0	159999	211.27238	221.87283	1717.3503	-582.0017	-212.7221	2800.0344	1371.3054769039154
161	238.0	95.0	0.0	7355.778	2876.3716	11821.0	2776.0	590.54517	289.95215	1039.455	128.242	693.224	0.0	693.224	693.224	111.0	8369.0	111.0	160999	214.5009	223.17267	1703.5021	-612.54865	-215.94705	2759.0264	1383.9610109329224
162	238.0	95.0	0.0	7761.778	2262.8071	10857.0	3570.0	624.74	229.19696	942.262	207.673	693.224	0.0	693.224	693.224	111.0	8369.0	111.0	161999	215.63382	223.77507	1651.9008	-639.5214	-217.07294	2766.115	1395.8051488399506
163	238.0	95.0	0.0	7892.3335	2481.3435	11746.0	3890.0	643.30725	249.43854	1032.228	241.195	693.224	0.0	693.224	693.224	111.0	8369.0	111.0	162999	216.66293	220.65485	1694.5454	-619.6926	-218.09665	2664.8562	1409.2551448345184
164	238.0	95.0	0.0	6729.5557	3192.0935	11746.0	1732.0	525.5281	323.73206	1034.623	21.332	693.224	0.0	693.224	693.224	111.0	8369.0	111.0	163999	216.68436	222.59239	1702.1443	-607.79175	-218.1134	2785.8596	1420.6804208755493
165	238.0	95.0	0.0	7356.4443	2703.342	11748.0	2915.0	588.23663	275.2596	1034.526	134.637	693.224	0.0	693.224	693.224	111.0	8369.0	111.0	164999	217.4414	220.3742	1630.5476	-575.33386	-218.87091	2678.5708	1431.8795449733734
166	238.0	95.0	0.0	7432.4443	2527.4702	11282.0	4414.0	596.8103	255.19646	985.636	289.011	693.224	0.0	693.224	693.224	111.0	8369.0	111.0	165999	220.61465	219.19328	1765.1816	-539.8218	-222.02303	2654.7407	1443.5322239398956
167	226.0	107.0	0.0	7675.0	1202.8457	8877.0	5631.0	618.8486	124.66377	744.101	414.815	388.43204	3.0517578e-05	388.432	388.432	111.0	5580.0	111.0	166999	218.9233	217.71799	1747.2115	-556.0222	-220.3465	2733.841	1455.11390376091
168	225.0	108.0	0.0	8193.223	1832.3605	9791.0	5580.0	651.41125	184.34045	812.115	388.432	799.995	0.0	799.995	799.995	111.0	9671.0	111.0	167999	220.99101	218.35236	1617.8201	-615.1854	-222.42792	2641.866	1470.5096838474274
169	222.0	111.0	0.0	6346.6665	1219.6418	9792.0	5874.0	453.30167	127.031654	812.185	404.24	404.24	0.0	404.24	404.24	111.0	5874.0	111.0	168999	221.74538	220.33081	1700.5638	-582.0988	-223.15733	2717.4058	1486.0168681144714
170	226.0	107.0	0.0	5832.0	96.33737	5904.0	5626.0	403.06042	4.2208877	407.24	393.032	388.43204	3.0517578e-05	388.432	388.432	111.0	5580.0	111.0	169999	221.24872	217.8987	1628.5363	-624.5282	-222.6499	2581.718	1505.631237745285
171	222.0	111.0	0.0	6774.1113	1553.6454	9671.0	5672.0	502.00034	159.90659	799.995	397.632	404.24	0.0	404.24	404.24	111.0	5874.0	111.0	170999	223.09798	216.44624	1576.1707	-580.7639	-224.50887	2658.5735	1525.6746089458466
172	222.0	111.0	0.0	5900.6665	38.586124	5964.0	5874.0	406.90665	3.8586123	413.24	404.24	404.24	0.0	404.24	404.24	111.0	5874.0	111.0	171999	223.80716	218.04468	1601.3495	-592.19275	-225.20175	2687.7686	1546.1179609298706
173	222.0	111.0	0.0	5897.3335	27.487371	5934.0	5874.0	406.57333	2.748737	410.24	404.24	404.24	0.0	404.24	404.24	111.0	5874.0	111.0	172999	224.24362	217.94804	1754.4567	-619.86206	-225.62863	2600.9487	1564.2808351516724
174	222.0	111.0	0.0	5894.0	20.0	5934.0	5874.0	406.24	2.0	410.24	404.24	404.24	0.0	404.24	404.24	111.0	5874.0	111.0	173999	224.38074	219.3195	1632.5184	-657.5286	-225.74867	2698.081	1582.8777530193329
175	222.0	111.0	0.0	5890.6665	24.944384	5934.0	5874.0	405.90665	2.4944384	410.24	404.24	404.24	0.0	404.24	404.24	111.0	5874.0	111.0	174999	224.54764	220.05206	1739.8236	-610.75385	-225.93634	2584.5505	1599.6732149124146
176	222.0	111.0	0.0	5880.6665	12.472191	5904.0	5874.0	404.90665	1.2472191	407.24	404.24	404.24	0.0	404.24	404.24	111.0	5874.0	111.0	175999	225.33817	218.25261	1592.5106	-651.8889	-226.71606	2539.1643	1616.7276589870453
177	222.0	111.0	0.0	5874.0	0.0	5874.0	5874.0	404.24	0.0	404.24	404.24	404.24	0.0	404.24	404.24	111.0	5874.0	111.0	176999	224.95496	218.3251	1714.8158	-626.8559	-226.33449	2580.9363	1632.4770958423615
178	222.0	111.0	0.0	7152.6665	1834.5868	9702.0	5616.0	544.6742	185.74136	803.095	392.032	404.24	0.0	404.24	404.24	111.0	5874.0	111.0	177999	225.36359	217.03683	1613.5729	-632.6792	-226.72957	2615.007	1651.7851998806
179	222.0	111.0	0.0	5887.3335	14.90712	5904.0	5874.0	405.57333	1.490712	407.24	404.24	404.24	0.0	404.24	404.24	111.0	5874.0	111.0	178999	225.61188	214.60083	1720.0282	-635.491	-226.97734	2533.8853	1667.6786108016968
180	222.0	111.0	0.0	5877.3335	9.42809	5904.0	5874.0	404.57333	0.942809	407.24	404.24	404.24	0.0	404.24	404.24	111.0	5874.0	111.0	179999	225.99171	214.06377	1717.1976	-566.851	-227.36797	2572.3416	1682.029266834259
181	225.0	108.0	0.0	7528.8887	1917.9664	9671.0	5580.0	578.3747	198.27928	799.995	388.432	799.995	0.0	799.995	799.995	111.0	9671.0	111.0	180999	225.09431	214.58832	1704.2073	-612.12396	-226.46857	2576.159	1695.159758090973
182	222.0	111.0	0.0	6831.4443	1550.292	9671.0	5874.0	504.7272	161.62566	799.995	404.24	404.24	0.0	404.24	404.24	111.0	5874.0	111.0	181999	224.06708	215.2499	1712.2301	-643.73425	-225.44061	2546.806	1707.807814836502
183	222.0	111.0	0.0	5874.0	0.0	5874.0	5874.0	404.24	0.0	404.24	404.24	404.24	0.0	404.24	404.24	111.0	5874.0	111.0	182999	225.4034	215.24825	1584.7202	-662.9535	-226.75685	2597.7224	1723.76358294487
184	222.0	111.0	0.0	5874.0	0.0	5874.0	5874.0	404.24	0.0	404.24	404.24	404.24	0.0	404.24	404.24	111.0	5874.0	111.0	183999	225.50687	216.76764	1649.062	-628.0738	-226.86761	2571.1467	1742.7643439769745
185	222.0	111.0	0.0	5874.0	0.0	5874.0	5874.0	404.24	0.0	404.24	404.24	404.24	0.0	404.24	404.24	111.0	5874.0	111.0	184999	225.51141	212.94496	1676.449	-631.5706	-226.8446	2465.7346	1767.3328697681427
186	222.0	111.0	0.0	5874.0	0.0	5874.0	5874.0	404.24	0.0	404.24	404.24	404.24	0.0	404.24	404.24	111.0	5874.0	111.0	185999	225.97182	212.59021	1541.0935	-626.9103	-227.32484	2520.3826	1788.7336919307709
187	222.0	111.0	0.0	5874.0	0.0	5874.0	5874.0	404.24	0.0	404.24	404.24	404.24	0.0	404.24	404.24	111.0	5874.0	111.0	186999	229.49915	211.12006	1492.7778	-623.2608	-230.82866	2449.979	1808.3801810741425
188	222.0	111.0	0.0	5874.0	0.0	5874.0	5874.0	404.24	0.0	404.24	404.24	404.24	0.0	404.24	404.24	111.0	5874.0	111.0	187999	227.14307	209.65012	1554.2402	-616.6868	-228.49173	2481.9546	1824.4665598869324
189	222.0	111.0	0.0	5874.0	0.0	5874.0	5874.0	404.24	0.0	404.24	404.24	404.24	0.0	404.24	404.24	111.0	5874.0	111.0	188999	227.6993	208.02667	1611.9855	-571.2543	-229.02362	2464.434	1837.867527961731
190	222.0	111.0	0.0	6101.3335	425.30173	6897.0	5874.0	429.32333	46.92662	517.115	404.24	404.24	0.0	404.24	404.24	111.0	5874.0	111.0	189999	228.40884	206.63905	1734.8153	-602.6152	-229.74045	2325.6528	1851.9308009147644
191	222.0	111.0	0.0	5874.0	0.0	5874.0	5874.0	404.24	0.0	404.24	404.24	404.24	0.0	404.24	404.24	111.0	5874.0	111.0	190999	228.30917	208.14449	1593.033	-612.0531	-229.63844	2457.1868	1865.7243988513947
192	222.0	111.0	0.0	5874.0	0.0	5874.0	5874.0	404.24	0.0	404.24	404.24	404.24	0.0	404.24	404.24	111.0	5874.0	111.0	191999	228.46082	209.22179	1587.0934	-612.1701	-229.7758	2484.9382	1884.21591091156
193	222.0	111.0	0.0	5874.0	0.0	5874.0	5874.0	404.24	0.0	404.24	404.24	404.24	0.0	404.24	404.24	111.0	5874.0	111.0	192999	227.94952	209.22157	1636.8962	-598.97076	-229.2696	2495.131	1909.632926940918
194	222.0	111.0	0.0	5874.0	0.0	5874.0	5874.0	404.24	0.0	404.24	404.24	404.24	0.0	404.24	404.24	111.0	5874.0	111.0	193999	227.74896	209.60838	1714.2089	-616.32776	-229.08278	2496.1494	1925.983864068985
195	222.0	111.0	0.0	5874.0	0.0	5874.0	5874.0	404.24	0.0	404.24	404.24	404.24	0.0	404.24	404.24	111.0	5874.0	111.0	194999	227.01823	210.75256	1692.4484	-614.31854	-228.32288	2468.8628	1945.778000831604
196	222.0	111.0	0.0	5874.0	0.0	5874.0	5874.0	404.24	0.0	404.24	404.24	404.24	0.0	404.24	404.24	111.0	5874.0	111.0	195999	226.69315	209.02437	1748.263	-596.0405	-228.00288	2408.6167	1968.7834849357605
197	222.0	111.0	0.0	5874.0	0.0	5874.0	5874.0	404.24	0.0	404.24	404.24	404.24	0.0	404.24	404.24	111.0	5874.0	111.0	196999	225.84546	209.42377	1693.8572	-645.6677	-227.16351	2477.329	1991.0344069004059
198	222.0	111.0	0.0	5874.0	0.0	5874.0	5874.0	404.24	0.0	404.24	404.24	404.24	0.0	404.24	404.24	111.0	5874.0	111.0	197999	226.494	207.08731	1594.6104	-603.7265	-227.79576	2362.6467	2017.2203650474548
199	222.0	111.0	0.0	5874.0	0.0	5874.0	5874.0	404.24	0.0	404.24	404.24	404.24	0.0	404.24	404.24	111.0	5874.0	111.0	198999	228.9014	207.21762	1649.7448	-618.35767	-230.17784	2342.4067	2040.8201401233673
200	222.0	111.0	0.0	5874.0	0.0	5874.0	5874.0	404.24	0.0	404.24	404.24	404.24	0.0	404.24	404.24	111.0	5874.0	111.0	199999	230.8414	208.66597	1633.953	-594.62976	-232.13287	2357.028	2061.2191500663757
